local CONSTANTS = {
	BIGGEST_INTEGER = 1_000_000_000, --9_007_199_254_740_992,
	BIGGEST_FLOAT = 1.7976931348623157e+308,
	BIGGEST_VEC_FLOAT = 3.402823466e+38,
	DEFAULT_TABLE_SIZE = 1_000,
	DEFAULT_STRING_LENGTH = 32,
	DEFAULT_ITERATIONS = 10_000,
}
table.freeze(CONSTANTS)
return CONSTANTS
